1050350
1048955
1051259
1047572
1050492
1048669
1050804
1049161
1051217
1049190
1050040
1048804
1047529
1047890
1050543
1047528
1049869
1048580
1048945
1051299
1049320
1050571
1051672
1047297
1049837
1047474
1050971
1047769
1051287
1050761
1047467
1051247
1048554
1051474
1050649
1049545
1050462
1050877
1051578
1048148
1048820
1051208
1051306
1049519
1048294
1051284
1048695
1048872
1048761
1048875
1051207
1048737
1051208
1050259
1049512
1048042
1051538
1047569
1048910
1051067
1048382
1048767
1050337
1049007
1048823
1047790
1049802
1050561
1049527
1051326
1051734
1048937
1049710
1049413
1050721
1047323
1050476
1047580
1049122
1047627
1049428
1050124
1048867
1050061
1051366
1049185
1051954
1047550
1051674
1047483
1051735
1050721
1049227
1048360
1048712
1048950
1049547
1051096
1049486
1051334
1050552
1048752
1049287
1047835
1049875
1048183
1047101
1049202
1048791
1048481
1049085
1051960
1049502
1047575
1048690
1051236
1047334
1047455
1051675
1049821
1050827
1049174
1049021
1048758
1051268
1049245
1048016
1048711
1047037
1051026
1047488
1049140
1049103
1050816
1050388
1047695
1049858
1047477
1050159
1050818
1048793
1049073
1049557
1048098
1048723
1050839
1051164
1051305
1051103
1050332
1050602
1051364
1047218
1049666
1051321
1048168
1049073
1047347
1047480
1048626
1047275
1047199
1049961
1051281
1051024
1051965
1048918
1049163
1051740
1050176
1050988
1050799
1051292
1048509
1050604
1051806
1050129
1049454
1051361
1051584
1049101
1051622
1051657
1051230
1050124
1051299
1051715
1048710
1049329
1048896
1050080
1048598
1048580
1048812
1048694
1049230
1050020
1050592
1049827
1049449
1050201
1048862
1048178
1047676
1048080
1051740
1048759
1050821
1050760
1050928
1048971
1049416
1049207
1048998
1049588
1050438
1048820
1049049
1048673
1047290
1048697
1048180
1051629
1048952
1050210
1049710
1049194
1051234
1049853
1048972
1051523
1049007
1051813
1051112
1050718
1051689
1051912
1048231
1048927
1047526
1050682
1049833
1049067
1047276
1051521
1048986
1048899
1050552
1047571
1048762
1047068
1049072
1048606
1050709
1050886
1049017
1049549
1048043
1048831
1048568
1047717
1047176
1048870
1049143
1049033
1048695
1047869
1048987
1050166
1048745
1049897
1051604
1047606
1049015
1048909
1051234
1051295
1047197
1047427
1050175
1049606
1048500
1051910
1047781
1051288
1047201
1047219
1050567
1049588
1047263
1048383
1049708
1048837
1048897
1051310
1051520
1050420
1047331
1048853
1048664
1049018
1049017
1048286
1050530
1051584
1048161
1049205
1050801
1047471
1049028
1047085
1051320
1051260
1047816
1049403
1051006
1051727
1048475
1050245
1047584
1047140
1047946
1048938
1049137
1047296
1049077
1049070
1048373
1050900
1050767
1050902
1047209
1051087
1050768
1047186
1048892
1047679
1051082
1049273
1049156
1047794
1050899
1048438
1048283
1049120
1049758
1049985
1050922
1048039
1050980
1049532
1047500
1050968
1049098
1048081
1050542
1048737
1048319
1050759
1048541
1049524
1048966
1049329
1051718
1048846
1047267
1050416
1048440
1047723
1047146
1051584
1048627
1047216
1047760
1051074
1051557
1048735
1049582
1048869
1049514
1048079
1049076
1051199
1051165
1049839
1048813
1048818
1049847
1048625
1047984
1047658
1048700
1049545
1049142
1049158
1047173
1051490
1050998
1049098
1047850
1047686
1047332
1047800
1050480
1047153
1051288
1047528
1047056
1048745
1049821
1050123
1047297
1048777
1048835
1047500
1051231
1050982
1051807
1047548
1048764
1049309
1047336
1049331
1048171
1051621
1049196
1050061
1050579
1048914
1051481
1050493
1047285
1047008
1047218
1051580
1047197
1051305
1051315
1047195
1050070
1051729
1049199
1048135
1047683
1051253
1047188
1050072
1051334
1048317
1050332
1048555
1051203
1047250
1050061
1051225
1048566
1050018
1051261
1049403
1051526
1048871
1047203
1050094
1050539
1051735
1048560
1048231
1049008
1049453
1051562
1047738
1048822
1051052
1051996
1049221
1048567
1051098
1048001
1050885
1051925
1049204
1048569
1050160
1047632
1050389
1048904
1050922
1050539
1047492
1050459
1051356
1049034
1048971
1047865
1047628
1047553
1048162
1049002
1051101
1049040
1050813
1049175
1047468
1049090
1048682
1049123
1049493
1048291
1047094
1049692
1051215
1048141
1050713
1048881
1047711
1051376
1048345
1051223
1047185
1050966
1051218
1050602
1051491
1049403
1050061
1048043
1048719
1048367
1048994
1051255
1048914
1050670
1051074
1049112
1048569
1050336
1048876
1050894
1050768
1050805
1050831
1050341
1051220
1048991
1051589
1051058
1049174
1051518
1048903
1048909
1047604
1047949
1050961
1047333
1047333
1049180
1051718
1048331
1047703
1048569
1051969
1051991
1049853
1048177
1050350
1051046
1048174
1051335
1049011
1051833
1051342
1050267
1050387
1048965
1049124
1050901
1047084
1049709
1049986
1048707
1048844
1048290
1051212
1048808
1047874
1049637
1051005
1048972
1047292
1047987
1049227
1048869
1048968
1050658
1051724
1050080
1050874
1049671
1048905
1047889
801805
802083
805639
805769
800988
801376
802204
800216
803187
803748
800723
806351
801099
805389
803287
800544
800574
806275
802530
805123
800093
804147
804925
802159
801730
805305
801845
806706
802949
804208
803466
802507
804078
801553
804462
803726
800259
806807
802667
803508
803329
802141
802008
800617
802511
800893
801417
801412
801508
800046
802267
800720
802883
800934
804714
803725
806216
804905
803522
802926
801841
800022
800506
801868
804904
802096
802129
801645
803328
805905
806990
802393
800619
801723
801585
804076
800186
802608
805926
804688
804678
800960
800021
805804
801236
806787
805602
806856
804614
802529
800680
804805
800110
806492
804268
805267
801595
802121
800991
802394
804655
802371
805650
805586
804655
802374
804752
804489
801278
801611
804281
804423
800671
803443
805069
804183
803643
804911
802320
804550
803581
802926
806206
805206
803299
805677
800042
802480
806265
805321
801533
803822
802533
803000
802384
800510
802385
805556
803824
806585
800543
806212
800182
800212
802366
802613
801392
801394
804270
802327
803377
803384
802468
802413
800380
800627
803343
805419
806079
806613
802638
802878
800891
804378
801391
806071
800438
801852
803251
801154
803898
802333
803676
803851
806519
804565
804162
806252
800467
806628
804803
804740
805507
805500
805568
800345
803244
805542
805138
804859
806755
801110
800813
802348
801693
800425
803446
804353
802355
804665
802054
803338
801444
804323
804118
805413
806309
802985
806614
806217
805375
805775
802652
800751
805502
803691
806221
805347
803176
803424
805748
802894
800814
805088
800472
800142
802685
803336
806252
804023
800508
803671
806771
801783
802796
801320
806597
804255
806688
805899
802970
806796
800661
801661
806554
804965
806990
804460
800907
803617
801056
805363
804322
800290
806376
805970
806234
801007
805696
803418
800586
806523
805051
803965
805577
805897
806612
804319
802974
806460
806571
804777
804996
806014
804750
804828
802418
801304
804265
802436
801100
805383
805168
800924
805035
804070
804846
805901
800042
801076
801452
802262
800913
804707
805980
800618
802830
802624
802756
801545
804988
806208
806703
805994
806040
802147
806853
800254
802716
805623
806234
800845
801584
802036
806715
803317
802723
804584
804776
800545
806337
803587
805360
804868
800847
804423
801926
801593
803270
802065
801912
801160
804298
802835
802184
800523
804997
800155
801355
803174
801373
803364
806477
800814
802095
804680
801140
803863
803131
804777
801259
801703
803226
804887
803058
803381
803825
805408
801362
802151
804828
806120
805852
800036
806437
804562
803836
802061
802177
801396
804499
804995
804030
802067
802730
804973
802472
802007
800065
803890
801016
803830
802017
800002
801399
804619
806279
802578
803993
806304
800375
800964
800606
806912
803869
804987
803553
800082
801142
802921
801362
801416
803661
800268
804607
806917
804145
804516
804838
802146
800236
804197
804318
803633
802573
802389
804891
803718
802450
804689
803997
805784
803893
803235
804972
803328
804484
802741
805206
801154
804037
802310
805345
806738
806045
803047
802824
803812
801428
802487
801570
801256
801739
806518
805144
801629
803932
801973
803838
806473
800262
805701
800456
801529
804973
801874
805096
805116
804007
806576
800941
801923
800602
806396
800579
804107
803789
804076
804758
801068
805456
801433
805250
803728
801272
806885
800097
803601
806264
801755
803100
803562
804226
804141
805790
801298
801445
804807
801335
804365
805765
806526
800716
801142
803297
800163
804605
803098
801980
803444
801583
801951
806667
805799
805674
802917
800736
800888
801760
805916
804608
803082
803797
805451
806585
800077
804246
804874
805118
803050
803140
802488
804925
803529
803855
803103
802893
805181
803068
800819
802047
800661
800433
801595
805676
804949
801929
806638
804736
802612
803397
801248
804983
806863
801390
801587
800329
804671
802966
801567
801784
806577
802312
800434
801601
804880
801996
802251
803626
802951
804827
806261
805464
804512
800600
803370
801868
805968
806468
805590
804681
803786
804668
805773
801495
802972
806135
801009
802558
805668
805250
804386
805329
801070
806492
802697
804163
802067
800952
806949
801982
805475
803582
805195
805773
805599
802034
800121
801924
801588
1591
410
3237
3114
1590
3959
3076
2728
1972
2195
3629
368
1893
1242
2541
612
3620
3264
872
415
358
1160
640
3830
2648
2864
1374
3212
2590
1857
1223
3094
682
278
362
3805
119
1439
866
1821
1268
1065
3289
1198
3713
3005
1161
685
2953
3765
1820
3643
2200
248
345
844
2103
3272
555
684
349
3302
163
2891
1049
3150
1731
142
58
1057
3161
127
3224
2511
2424
2976
1688
66
945
767
645
3131
3990
3688
3450
1655
2761
2720
3613
3740
1252
2481
2878
1187
103
3198
544
2157
2545
2262
1519
631
3086
1507
2531
217
2185
3431
1663
1253
3069
134
624
3795
1587
759
1842
229
1923
3467
3420
2357
336
436
1541
2632
3240
562
1622
2199
2961
3982
2021
3597
2751
847
2730
2925
730
665
3877
3571
3616
3273
1440
484
1048
734
3284
3570
3760
1647
163
1078
430
1183
1926
1672
2325
236
986
132
3894
2150
1492
3549
886
2729
1379
1384
362
3019
1690
746
45
716
3602
3268
285
2653
1758
3583
614
3389
2560
211
1752
3905
2592
1294
2700
3690
755
983
432
714
700
2619
1362
1564
908
791
600
3767
1725
1447
1570
264
2792
2952
1043
2588
3201
3352
3
3008
2029
2196
1228
995
1722
310
551
1011
3609
2326
62
386
2415
2829
3078
1523
395
2848
827
3207
2761
3559
1913
1520
3067
2303
2547
208
1504
2650
1333
1771
519
1627
3748
974
3311
1275
1615
2516
1654
2946
1344
220
2101
3790
1762
3524
896
3782
105
1025
1979
1557
2899
1467
254
1337
235
268
990
332
1906
2049
601
3508
186
2857
85
169
39
1062
2034
797
1273
1148
2791
329
570
857
1340
2568
1978
186
3711
1294
1027
2919
1449
2424
1116
3640
3192
2365
3592
3848
3578
953
1162
988
3837
1914
3197
1041
2650
77
3602
652
3335
1430
878
2199
3142
1331
2515
1561
2881
3536
2715
89
3775
3454
3226
2991
450
3155
1240
771
1188
3539
3560
3693
1205
1500
265
2775
1444
956
2953
815
649
1096
3931
958
3176
3142
249
43
181
2099
859
80
1734
2463
2819
1212
1159
2481
479
1860
2825
3192
519
2735
561
784
1025
3295
2831
103
2470
735
2282
2233
3073
2885
1747
2078
3432
1596
3582
2654
674
3451
1562
3779
3522
3016
1927
1554
2026
3870
2219
2209
67
499
1123
187
2571
1786
274
1288
1873
1853
669
2342
2495
242
1146
1538
3818
2500
3206
720
2487
886
2220
3202
1124
3024
3736
3571
986
2813
3822
2294
3059
1755
3183
3226
763
1761
2571
1275
3842
269
2942
3589
1613
328
3704
1537
1079
2346
3437
3929
2954
2657
463
710
2794
3369
817
3275
232
1950
1130
3546
3973
2832
3046
1473
1780
51
2022
1530
3365
1935
1590
3430
150
3759
2221
422
1638
1404
2662
112
1675
2085
2229
2616
1788
2124
1978
965
1093
468
18
3203
2466
663
2484
3539
3774
1146
2558
2127
2500
630
2673
3856
1195
33
311
1282
2000
1125
3958
1486
1807
438
3056
572
1395
1208
99
934
2192
957
1949
3349
1792
3772
2534
3710
1900
3509
122
2328
1405
2718
1735
3676
3078
3196
868
3797
2185
1410
2923
2658
3649
560
2187
859
9
2642
683
342
1043
2489
975
444
3419
100
2812
168
2919
149
807
3817
747
2431
1112
3475
2318
2074
581
587
3358
258
3564
2823
2097
1011
1455
2449
2313
1252
2613
103
3002
565
1066783
1079001
1062664
1059080
1079773
1060010
1086827
1079924
1055704
1073625
1068133
1065620
1065096
1082854
1086922
1071918
1073049
1071122
1054241
1069156
1083623
1066056
1075674
1071493
1058198
1061111
1080978
1063567
1087156
1086191
1053110
1057463
1074187
1070350
1079884
1075947
1073061
1077621
1055076
1056640
1055614
1064866
1067858
1063411
1059036
1079804
1057498
1084285
1076863
1074475
1069561
1073971
1065470
1081471
1059460
1063525
1084502
1064937
1060944
1068312
1061965
1057051
1070639
1087430
1063552
1083343
1062089
1080663
1078583
1061862
1058144
1058734
1079992
1053674
1064129
1084782
1071141
1060496
1060120
1062632
1080183
1053298
1059295
1068674
1071889
1074424
1060922
1085101
1069490
1074351
1058666
1055032
1053004
1066471
1068181
1078068
1075078
1057581
1079007
1081790
1080726
1055803
1055831
1064728
1069565
1083017
1085616
1070235
1053430
1077149
1073455
1062075
1066182
1062214
1069446
1057406
1080734
1077800
1080628
1058988
1054645
1071721
1082806
1055049
1080992
1081416
1076670
1059473
1066190
1080375
1073163
1072262
1087572
1073457
1063067
1059790
1057310
1079176
1064805
1062745
1054038
1087454
1079971
1066251
1054875
1069340
1073340
1074666
1056242
1072018
1087713
1064994
1067562
1077479
1072854
1060003
1081379
1078164
1053545
1063122
1083181
1054795
1061205
1068843
1071642
1057882
1085165
1080357
1076121
1084387
1079516
1053281
1067275
1085671
1059159
1087349
1061290
1075844
1072437
1054398
1084446
1082218
1083390
1082403
1064411
1072601
1075680
1083834
1079837
1082639
1072162
1076702
1058410
1079733
1077546
1079707
1072850
1067924
1077561
1067264
1060563
1063800
1071880
1068737
1085316
1064702
1057474
1083641
1072357
1081161
1084233
1057840
1054572
1054017
1054538
1059177
1070901
1075619
1063225
1053524
1057623
1085112
1081653
1078503
1069059
1081355
1077765
1076405
1082133
1087559
1078786
1083126
1082438
1074334
1060219
1085796
1082359
1085605
1084664
1056619
1084490
1069977
1058212
1082660
1068997
1077335
1057471
1069142
1075406
1060072
1087658
1072682
1087364
1056157
1087143
1080141
1080096
1069303
1085638
1067305
1061166
1083141
1062715
1054581
1071277
1080586
1054825
1075179
1085910
1057279
1057306
1057946
1078758
1059878
1070711
1064790
1083348
1061781
1064125
1064021
1061247
1059069
1081484
1078347
1078648
1087004
1073598
1068815
1083339
1078625
1067423
1070328
1057827
1069605
1084238
1073112
1081372
1081838
1079656
1083476
1080579
1076221
1062078
1083567
1069749
1070747
1073379
1083207
1064000
1054818
1062095
1056044
1057975
1054816
1061349
1070543
1053793
1069336
1079019
1078890
1055911
1076687
1057623
1068090
1078925
1086138
1059952
1061260
1068837
1053529
1078447
1070361
1060925
1055637
1074715
1062536
1070477
1054963
1053233
1069075
1066265
1058701
1083100
1073322
1069327
1084116
1053326
1055915
1053376
1055748
1074730
1085121
1064641
1076800
1079447
1070885
1071363
1063709
1069793
1072067
1058185
1087909
1073819
1064842
1066800
1083366
1065014
1057538
1084423
1085521
1060470
1064992
1062238
1083188
1062099
1060840
1065132
1080526
1079197
1070323
1054699
1059317
1082037
1059169
1075773
1072106
1057638
1071132
1081113
1087088
1063031
1058007
1078955
1053810
1086982
1059459
1074076
1054140
1065211
1065269
1071415
1069822
1082701
1069734
1058476
1073468
1053268
1058644
1061659
1066630
1076877
1057919
1054932
1053187
1083506
1059168
1064599
1074133
1076977
1064477
1067749
1082498
1067894
1079388
1059120
1074923
1081114
1086953
1055217
1081131
1071841
1079737
1066840
1061497
1083730
1062064
1070069
1075028
1081935
1079865
1076771
1053754
1068343
1086066
1071425
1071625
1056976
1065806
1067862
1068209
1084597
1053665
1080123
1054228
1078722
1080735
1055826
1076434
1064335
1077614
1072873
1082226
1059740
1084356
1083339
1065913
1087690
1085170
1073750
1064886
1069646
1065672
1074919
1083606
1087605
1065764
1059839
1087103
1068009
1058580
1059638
1073769
1075097
1073105
1086135
1083996
1078663
1061510
1081816
1086574
1083634
1066526
1084216
1056972
1082124
1057919
1065536
1060880
1066131
1066888
1067232
1079594
1056266
1071105
1074674
1075365
1071712
1075575
1054885
1072764
1058151
1061146
1076785
1058244
1075633
1075933
1059721
1067192
1053946
1053003
1072207
1057274
1056032
1070605
1068328
1078404
1063039
1057044
1057836
1084030
1056488
1080584
1053647
1065765
1055689
1063732
1060640
1073028
1055663
1080591
1078416
1062767
1070658
1056151
1061024
1071079
1070684
1087136
1053542
1075647
1070024
1065681
1078867
1075418
1084581
1070022
1059578
1054461
1065701
1064222
1060909
1085493
1064158
1069096
1059523
1073538
1057339
1053003
1066302
1065222
1069295
1065711
1086212
1072242
1080123
1071856
1073853
1057333
1074052
1065849
1069772
1077508
1068814
1082761
1059903
1059366
1070572
1084050
1074103
1059733
1080021
1079135
1082929
1058522
1070560
1079542
1080180
1066843
1053623
1070497
